11.9042 -13.5505 -0.7965
11.7045 -10.7036 -0.8312
12.7044 -13.3654 -0.7296
12.7953 -10.7833 -0.6722
11.6648 -8.9348 -0.6722
12.7416 -13.5316 -0.6438
13.1027 -13.5316 -0.5831
12.8703 -10.7332 -0.6363
9.993 -8.9381 -0.6055
15.0416 -12.204 -0.4761
14.4972 -9.6123 -0.5553
12.0587 -8.865 -0.4908
11.9715 -13.5767 -0.3889
15.0338 -12.1313 -0.404
15.034 -9.5647 -0.2486
12.981 -13.4172 -0.0829
14.3412 -9.8374 -0.1397
14.8714 -9.4349 -0.0688
12.5321 -6.5466 -0.1034
11.9623 -13.5841 0.019
15.1109 -9.0849 0.03
15.0079 -6.4461 -0.0234
13.4279 -13.8846 0.1281
11.974 -13.5689 0.0882
11.6204 -8.9045 0.0995
15.827 -6.5169 0.1208
11.6991 -6.421 0.1134
15.4174 -9.7258 0.1538
11.7296 -8.7488 0.1742
15.6822 -6.2749 0.1712
15.2155 -9.0308 0.2583
11.2095 -8.6519 0.3242
12.5253 -14.915 0.438
12.5758 -14.8124 0.4419
15.2968 -8.9806 0.8203
11.5906 -12.3206 0.8658
11.6842 -12.2389 0.9961
10.5544 -11.7011 1.0123
10.6208 -11.5682 1.0165
15.2278 -9.4549 1.1129
15.2716 -9.4207 1.1915
11.0311 -9.266 1.2162
11.156 -9.1622 1.2749
13.0036 -12.5774 1.3505
10.6236 -12.1862 1.3943
15.2628 -9.3465 1.4147
13.1173 -12.5195 1.5169
12.8404 -9.9397 1.5235
15.3965 -8.9525 1.4625
12.934 -9.8375 1.5848
11.8934 -8.9228 1.5324
13.2051 -6.5299 1.7207
11.6043 -12.6907 1.8206
11.1554 -12.2514 1.7886
12.4539 -11.5881 1.8235
14.0211 -10.6832 1.821
10.5998 -11.8734 1.9282
12.5956 -11.4346 1.8505
14.1514 -10.614 1.8686
13.1211 -10.4749 1.8784
13.7818 -8.5966 1.8831
11.563 -12.6934 2.0202
10.6233 -11.7747 1.9649
12.0248 -12.8937 2.1273
15.5001 -8.9421 2.1247
12.1746 -14.9215 2.2074
14.1703 -11.8205 2.2254
11.2358 -10.6636 2.2283
11.1356 -10.5069 2.2028
14.1446 -9.0234 2.1493
11.5292 -12.7143 2.2898
13.9619 -12.2546 2.3307
14.342 -11.7936 2.2413
14.71 -11.5361 2.254
14.1898 -12.1241 2.3875
11.8687 -10.5699 2.3722
14.2027 -10.5893 2.3452
11.0622 -9.4434 2.4079
15.3536 -9.2495 2.376
13.5815 -9.0097 2.3916
11.6671 -10.8067 2.5042
11.2741 -10.586 2.453
11.5641 -8.9424 2.51
12.0025 -9.3847 2.6189
15.4561 -9.3706 2.6277
13.4434 -9.1396 2.5777
15.3966 -8.9311 2.5697
13.4205 -10.5727 2.6922
11.024 -8.9325 2.6634
12.2598 -12.8972 2.8037
13.506 -10.6153 2.733
11.7089 -10.4694 2.7709
13.5243 -9.7798 2.7782
11.6981 -9.3678 2.7618
13.466 -9.1441 2.8129
11.8355 -9.0198 2.7595
12.3511 -9.0355 2.7928
13.5711 -9.5814 2.8374
11.9823 -9.2323 2.8783
12.01 -8.9 2.8498
11.192 -8.6759 2.8551
12.3199 -13.4802 3.0292
12.0202 -12.7569 2.9718
15.6503 -8.6758 3.0293
12.3803 -13.4165 3.0541
12.0821 -9.2402 3.1683
12.5641 -6.3891 3.1757
15.6943 -8.6418 3.2788
12.3027 -9.7586 3.3637
15.6883 -8.5563 3.7191
15.4434 -9.3763 4.5156
15.477 -9.1123 4.617
15.5477 -9.1226 5.0097
15.4629 -9.4573 5.1806
15.5553 -9.5429 6.1303
16.2743 -14.0185 6.2144
16.073 -8.6399 6.33
16.0675 -8.5379 6.7223
15.5436 -9.4419 7.0176
16.1351 -8.2624 7.229
16.2007 -8.2222 7.2639
15.6908 -9.2357 7.7099
15.7219 -9.3014 8.36
15.4653 -9.5851 8.7264
15.33 -9.5379 8.9751
15.0064 -9.6799 9.1303
15.4221 -9.607 9.2269
15.7242 -9.4238 9.4237
16.3563 -8.2578 9.4045
15.7291 -9.8174 9.5303
15.4066 -9.7191 9.5153
15.4136 -9.1559 9.5154
14.6533 -9.8819 9.7189
14.6257 -9.944 9.8284
14.6923 -9.8241 9.7525
15.3804 -9.1126 9.7883
15.6959 -9.506 9.9261
14.5257 -10.0886 10.1109
15.5305 -9.8451 10.1152
15.71 -9.5395 10.2081
15.6522 -11.3713 10.4289
15.5611 -11.2496 10.4314
13.5453 -10.7539 10.3883
14.443 -10.1051 10.42
13.4505 -9.9836 10.4292
13.8858 -10.7151 10.579
13.3879 -9.9028 10.6288
15.6675 -9.5977 10.5965
14.0569 -9.1834 10.6224
14.0943 -9.0271 10.5623
13.7623 -10.0558 10.7051
15.6563 -9.5868 10.7925
16.7717 -8.1123 10.9134
14.0966 -10.7814 10.98
14.3703 -9.292 10.9772
14.5186 -9.0245 11.0277
16.865 -8.1343 11.0203
15.0781 -11.1602 11.1157
14.731 -10.978 11.1298
15.3693 -10.9297 11.0666
15.1582 -11.4223 11.1886
14.8184 -10.9096 11.215
14.2718 -10.489 11.2189
15.3664 -12.335 11.3084
14.6445 -11.4096 11.3044
15.3121 -11.3906 11.2713
14.8561 -9.7303 11.3307
15.3858 -11.0289 11.3854
14.3752 -9.7348 11.3347
15.1268 -10.9091 11.4362
13.026 -10.7318 11.5061
14.0435 -10.5653 11.5192
14.1708 -10.4938 11.6178
12.9314 -9.978 11.7029
13.4752 -9.7548 11.7193
13.2151 -10.5132 11.7869
12.5849 -10.0032 11.8292
15.2463 -12.3679 11.8681
15.2626 -12.0795 11.9283
13.4682 -10.8092 11.9264
15.9352 -10.5587 11.9239
12.9293 -10.9707 12.0263
15.6825 -9.9663 11.9544
15.4597 -9.8674 12.0175
15.4291 -12 12.1204
13.1442 -10.5735 12.2039
13.5718 -10.5206 12.1836
13.3367 -9.9879 12.1551
15.498 -9.7398 12.1743
15.5723 -12.0374 12.2817
14.0172 -9.7301 12.2961
16.0698 -10.5922 12.4292
13.5895 -10.4933 12.3458
12.8032 -9.9241 12.4018
13.368 -9.7184 12.3714
14.114 -16.6748 12.4767
13.7574 -16.4272 12.4629
13.2509 -11.3667 12.4752
13.7094 -9.8379 12.4915
15.435 -9.8137 12.4574
14.1585 -16.5785 12.5725
13.3258 -10.6796 12.5895
13.1044 -9.7267 12.5426
13.4191 -16.0833 12.7217
13.3414 -15.9967 12.7262
14.4607 -12.7806 12.7295
14.3059 -12.5352 12.7098
15.0042 -12.5361 12.71
15.0056 -12.1456 12.7285
12.6945 -11.3843 12.7224
12.9379 -11.2417 12.7294
12.4884 -10.7833 12.7234
14.5197 -12.8828 12.7418
15.0918 -11.9747 12.803
12.9963 -11.8502 12.7978
11.9756 -11.0946 12.807
16.1073 -11.0607 12.8299
12.5317 -10.923 12.8274
14.0418 -16.0596 12.9122
13.6426 -13.828 12.9303
14.9054 -13.1955 12.9296
14.7513 -13.0658 12.8875
14.6056 -12.705 12.9173
12.1042 -11.3632 12.9123
12.7389 -10.8024 12.899
14.0118 -15.2421 13.0209
13.265 -14.1118 13.0273
13.2419 -13.9392 13.0267
13.886 -13.9295 12.9844
14.9756 -13.1098 12.9947
12.37 -11.3448 13.0212
11.6787 -11.2847 12.9862
16.1622 -11.1741 13.027
12.1977 -10.9094 12.947
13.9869 -10.6585 13.0184
13.7526 -15.8865 13.0759
12.9578 -14.1878 13.0939
15.0216 -13.9105 13.0922
14.7603 -12.4741 13.0788
16.1833 -11.0983 13.1005
13.8562 -11.0268 13.1197
15.4516 -10.0924 13.1216
14.2971 -14.8647 13.2273
13.7965 -13.9441 13.2284
15.9826 -13.41 13.219
14.8466 -12.4231 13.1679
13.1568 -11.3586 13.2253
14.0983 -9.7251 13.159
15.4389 -15.3446 13.2953
14.0795 -14.7862 13.2403
14.7065 -14.3804 13.3293
15.7393 -13.5159 13.2371
13.2015 -11.3099 13.2629
12.9616 -10.5861 13.2981
13.961 -14.6096 13.3507
15.0773 -14.2342 13.3366
14.6868 -14.1056 13.3771
12.9428 -10.9738 13.4285
12.2853 -10.9349 13.3428
13.0679 -10.5386 13.3943
17.4438 -8.0818 13.4306
14.0677 -16.5081 13.4879
13.6969 -16.0975 13.4746
13.5479 -15.8592 13.4989
14.5907 -15.1963 13.5051
13.7702 -13.7939 13.5227
14.5892 -13.593 13.4679
12.6473 -11.9714 13.5308
13.474 -10.7805 13.5177
13.1959 -10.6255 13.5314
14.1764 -16.4236 13.5803
14.4009 -15.9573 13.6024
11.2609 -12.0319 13.6182
12.7002 -11.3747 13.6165
14.198 -15.9179 13.6544
12.7077 -11.9131 13.7296
17.4634 -8.157 13.7115
13.7909 -15.8747 13.7384
12.3402 -10.8791 13.8126
12.6173 -12.1857 13.8617
11.6582 -11.1498 13.9236
11.5397 -10.9822 13.9099
17.4666 -8.1263 13.9307
11.7216 -12.7736 14.0293
12.8029 -11.9401 14.0165
16.2555 -11.4476 14.0221
13.296 -10.788 13.9348
11.3147 -12.1522 14.1264
11.2489 -12.0919 14.1269
13.0815 -11.9376 14.0554
16.3065 -11.4376 14.1216
12.4812 -10.5615 14.0742
13.0863 -10.4897 14.0568
15.2335 -10.0756 14.1035
15.1882 -14.1629 14.1881
12.5783 -11.0217 14.1836
12.4315 -10.8501 14.1787
15.8974 -10.0292 14.3295
15.4717 -9.7484 14.3262
12.7909 -12.4246 14.3807
11.8711 -11.4354 14.4128
11.8208 -11.2453 14.3839
15.139 -10.7303 14.4101
12.874 -12.3793 14.4897
12.0863 -11.1273 14.4521
15.0903 -10.1387 14.4878
17.1071 -9.7552 14.5101
15.9516 -10.0463 14.5771
17.2725 -9.5079 14.5377
11.7665 -11.917 14.6389
12.7384 -11.4428 14.6737
12.3386 -11.3403 14.691
15.3844 -9.715 14.6934
16.017 -9.9373 14.7951
15.9627 -10.05 14.9202
15.2591 -9.8884 14.8895
16.187 -8.5827 14.8809
16.4121 -8.4385 14.9637
15.5657 -8.1647 14.983
15.1881 -11.1393 15.0912
15.2773 -9.7199 15.0933
16.5751 -8.0568 15.1228
14.5688 -15.3253 15.2125
16.6217 -11.6458 15.2132
14.662 -11.0364 15.2181
14.8695 -10.8628 15.2199
14.6303 -10.6641 15.2272
15.9397 -10.1492 15.2236
16.0089 -10.0249 15.2108
15.5885 -8.0948 15.1855
16.6831 -8.0312 15.142
14.158 -15.2776 15.2824
14.7088 -11.268 15.3268
14.6794 -10.6289 15.2688
15.2708 -10.6136 15.295
15.1501 -8.5745 15.2362
14.8365 -8.1313 15.3146
16.6492 -11.6401 15.3955
14.7711 -11.3311 15.4092
15.7975 -10.1448 15.4262
11.5861 -13.8474 15.5271
11.5363 -13.768 15.5118
17.7869 -12.834 15.4509
15.1126 -11.3895 15.5315
15.976 -10.1065 15.4731
11.3951 -12.554 15.6308
10.8349 -12.2872 15.615
10.7194 -12.1882 15.6132
11.5073 -12.2155 15.5782
15.2346 -11.397 15.5558
13.7598 -11.0944 15.6006
14.5677 -10.7117 15.5994
13.7937 -10.1178 15.6095
16.0182 -10.1347 15.6125
15.0635 -9.857 15.6196
15.1794 -9.7568 15.6302
16.0564 -13.2233 15.7316
16.1246 -13.1266 15.7017
11.4461 -12.8964 15.6881
14.2675 -10.0201 15.6478
11.7865 -13.4957 15.8294
11.0115 -13.3003 15.8201
17.1962 -12.669 15.8144
17.7774 -12.6249 15.7416
10.9713 -12.2152 15.7937
11.8873 -12.0599 15.8007
13.5904 -11.5755 15.7961
15.1478 -11.5127 15.8315
11.5048 -11.4074 15.7471
14.4831 -11.0402 15.7533
14.4095 -15.3044 15.865
13.7539 -15.0865 15.893
14.5511 -14.7768 15.8524
10.4304 -12.7693 15.8651
11.3896 -12.5809 15.9217
17.3073 -12.6197 15.8998
11.2925 -12.5374 15.9068
11.7402 -12.48 15.9317
11.2577 -12.2693 15.8684
13.726 -11.4251 15.8781
14.373 -10.7311 15.8773
15.0719 -9.8377 15.9218
13.5041 -14.644 16.005
14.6317 -14.6709 15.9326
12.2672 -13.1968 16.0025
11.8954 -12.8372 15.995
11.9005 -12.439 16.0215
14.0239 -12.3685 16.0207
11.4625 -12.197 16.0178
10.9629 -11.4315 15.9795
14.7436 -9.7468 16.0097
13.8668 -15.0197 16.0834
13.634 -14.6258 16.0964
11.478 -12.4107 16.0892
14.2816 -11.4338 16.0498
17.1017 -9.5873 16.1227
12.6985 -17.4442 16.2235
13.7491 -14.9447 16.2265
13.6956 -14.305 16.2233
11.1957 -13.597 16.231
13.1608 -13.5215 16.2186
18.5106 -13.3804 16.1805
14.1013 -13.1871 16.2315
11.3147 -12.8286 16.173
10.5735 -12.6789 16.1469
11.1671 -12.7251 16.1579
11.6957 -12.6389 16.2046
14.2049 -12.2079 16.1422
14.5193 -11.4276 16.1423
13.6535 -14.5505 16.3159
11.8924 -13.4896 16.2686
18.5958 -13.2198 16.2419
11.3099 -13.0065 16.2993
16.7389 -12.8317 16.2651
13.9313 -12.6244 16.2568
15.2946 -11.6019 16.3257
13.894 -11.2127 16.3296
18.893 -14.6795 16.4267
18.4416 -14.4765 16.4298
13.5467 -14.2967 16.4118
13.9831 -13.7107 16.3574
11.6718 -13.4118 16.3826
14.0876 -13.4075 16.4796
13.7668 -13.3323 16.5006
11.5663 -13.1139 16.4606
13.6645 -11.5797 16.5269
12.886 -11.5221 16.5031
16.995 -10.1712 16.4695
16.4546 -9.2892 16.4701
13.6049 -14.138 16.549
13.3903 -12.4596 16.6299
13.9835 -11.5079 16.5565
13.7665 -11.4261 16.5585
16.7762 -10.7231 16.5972
16.8081 -9.6849 16.6034
16.7445 -9.5763 16.5411
16.6396 -9.0213 16.599
15.7435 -8.8214 16.6165
12.7793 -14.6786 16.6844
12.876 -14.6134 16.7087
13.902 -14.5166 16.7286
13.7842 -14.2462 16.7164
13.7773 -13.0909 16.6646
14.1542 -17.7016 16.8076
14.0516 -15.261 16.8245
19.0794 -13.8163 16.8098
18.0118 -12.681 16.7929
16.6597 -10.1765 16.823
16.612 -9.3669 16.7405
12.6053 -14.1678 16.9115
17.7161 -13.6999 16.8891
18.1346 -13.471 16.9273
17.105 -13.0137 16.9173
18.0817 -12.8454 16.922
13.3394 -12.7803 16.9212
13.18 -12.6576 16.924
18.0809 -12.6098 16.9139
12.9481 -12.3754 16.9256
12.9787 -11.635 16.8656
16.8125 -10.1623 16.9287
16.9127 -9.6645 16.9285
14.1116 -15.1386 16.9406
14.3426 -15.0045 17.0224
12.7615 -14.1082 16.9804
18.1828 -13.0722 16.9922
13.3977 -12.7281 16.948
13.1918 -11.5255 16.9382
15.1637 -9.8322 17.0028
19.0095 -13.4261 17.1235
14.3103 -12.7961 17.0462
16.0798 -10.7338 17.073
15.9698 -10.6074 17.0573
17.0923 -10.1141 17.1238
17.3511 -9.5186 17.0826
17.0768 -9.1077 17.0673
14.6275 -8.4842 17.1032
15.3218 -12.7499 17.1858
17.6943 -12.6383 17.1418
18.3983 -11.5296 17.1641
17.6267 -11.2361 17.1782
14.7666 -8.4054 17.209
18.0586 -13.5687 17.3152
18.4845 -11.4278 17.2674
14.1749 -9.9849 17.2991
13.3468 -9.8744 17.3179
13.6232 -9.7563 17.3162
14.4035 -9.1997 17.2483
15.3118 -9.0611 17.3022
15.4057 -16.9259 17.4215
17.1627 -13.7185 17.4263
18.9184 -13.0803 17.4248
18.5763 -12.9947 17.3696
18.8518 -13.0313 17.4033
17.1415 -12.8067 17.4085
13.8588 -12.7299 17.3708
13.8867 -12.5511 17.3517
18.1914 -12.6171 17.425
15.3727 -9.0269 17.392
15.4118 -16.9513 17.4634
17.2084 -13.5579 17.4764
16.1505 -10.9687 17.4559
17.8273 -10.9261 17.4984
15.1245 -9.0384 17.5094
14.2598 -8.8409 17.4901
14.0479 -8.1761 17.5314
15.6626 -16.7294 17.6258
17.3709 -14.1334 17.594
15.2709 -13.5698 17.6283
13.8055 -9.8561 17.6237
14.6727 -8.8153 17.5995
15.1934 -8.7751 17.554
15.6628 -16.8392 17.6614
14.921 -16.6277 17.6905
15.249 -13.7639 17.7164
15.3918 -13.4007 17.7122
18.0436 -12.7226 17.7221
17.6325 -10.1294 17.6943
15.369 -8.837 17.6656
14.5664 -8.4231 17.6868
17.8786 -15.2838 17.7691
17.7244 -13.7692 17.822
16.5332 -13.5697 17.7994
16.1764 -11.3142 17.8209
16.786 -13.4907 17.9053
16.6049 -13.4218 17.9037
15.9558 -11.2527 17.9309
17.6608 -11.2109 17.9107
17.7285 -11.1083 17.9218
15.7806 -10.9225 17.9043
14.9839 -9.6966 17.9115
17.5568 -9.554 17.9007
14.9742 -9.109 17.9246
14.876 -8.7893 17.9027
14.5734 -8.2931 17.8704
15.4011 -8.0726 17.9038
15.1652 -14.8098 17.9327
16.0962 -11.6594 18.0299
16.2664 -11.1215 18.0236
14.8059 -9.7706 18.0314
17.5862 -9.6189 17.9587
14.7141 -8.8625 18.0268
14.7113 -8.5987 18.0177
15.8876 -14.7803 18.1123
15.4023 -14.3242 18.068
15.2192 -14.0635 18.048
15.0186 -11.404 18.1217
15.4898 -11.3463 18.1257
15.7873 -10.9744 18.0552
15.1567 -9.0143 18.0688
14.7703 -8.7447 18.1028
14.4931 -8.5702 18.0816
14.9789 -8.4967 18.0699
16.8961 -15.3106 18.1908
15.9897 -14.7376 18.2005
16.0018 -14.5068 18.2005
17.488 -14.4823 18.219
18.2366 -12.9477 18.1923
16.9681 -11.6313 18.213
17.2657 -11.2268 18.1556
15.4226 -10.9206 18.1716
14.775 -9.7195 18.1513
15.548 -8.1502 18.201
15.8778 -15.2355 18.2516
18.1691 -14.9966 18.3302
17.72 -14.8916 18.2679
18.5682 -14.9153 18.3126
16.3433 -11.6873 18.2853
16.6756 -15.1506 18.4211
17.0613 -14.9448 18.4169
17.8995 -11.0813 18.3787
17.3032 -10.8659 18.4213
16.2746 -10.6726 18.4103
15.3919 -9.9317 18.3989
16.7828 -15.0238 18.5167
18.1748 -14.3191 18.5127
16.4959 -10.9153 18.5318
17.5888 -10.6152 18.4632
17.1607 -14.6965 18.6088
16.4869 -10.6285 18.6157
17.8684 -14.335 18.6345
18.5934 -14.3007 18.6831
18.4608 -14.1642 18.7082
17.1589 -11.5916 18.7002
16.8663 -9.8935 18.7083
18.4395 -13.7129 18.7747
16.5905 -10.9374 18.7967
16.9381 -9.8776 18.7611
18.8471 -14.5154 18.914
18.609 -13.5788 18.8999
19.0182 -14.3353 18.9734
19.0906 -13.8548 19.0119
19.0277 -14.0879 19.1304
17.5074 -9.682 19.1298
17.1592 -9.5823 19.1285
18.6876 -13.2858 19.2318
19.2408 -13.3322 19.2234
17.802 -9.6369 19.138
17.568 -9.2779 19.1799
19.4193 -13.5927 19.2803
18.7225 -13.0967 19.3279
18.8729 -12.973 19.3289
18.7997 -15.1863 19.36
18.6267 -14.8458 19.4265
19.1378 -13.1916 19.4458
